-- SQLite
INSERT INTO core_codigo (id, codigo, _order, producto_id)
VALUES
(1, 'A1B2C3D4E5', 0, 2),
(2, 'F6G7H8I9J0', 0, 2),
(3, 'K1L2M3N4O5', 0, 2),
(4, 'P6Q7R8S9T0', 0, 2),
(5, 'U1V2W3X4Y5', 0, 2),
(6, 'Z6A7B8C9D0', 0, 2),
(7, 'E1F2G3H4I5', 0, 2),
(8, 'J6K7L8M9N0', 0, 2),
(9, 'O1P2Q3R4S5', 0, 2),
(10, 'T6U7V8W9X0', 0, 2),
(11, 'Y1Z2A3B4C5', 0, 2),
(12, 'D6E7F8G9H0', 0, 2),
(13, 'I1J2K3L4M5', 0, 2),
(14, 'N6O7P8Q9R0', 0, 2),
(15, 'S1T2U3V4W5', 0, 2),
(16, 'X6Y7Z8A9B0', 0, 2),
(17, 'C1D2E3F4G5', 0, 2),
(18, 'H6I7J8K9L0', 0, 2),
(19, 'M1N2O3P4Q5', 0, 2),
(20, 'R6S7T8U9V0', 0, 2),
(21, 'W1X2Y3Z4A5', 0, 2),
(38, 'D3E4F5G6H7', 0, 2),
(39, 'I4J5K6L7M8', 0, 2),
(40, 'N5O6P7Q8R9', 0, 2),
(41, 'S6T7U8V9W0', 0, 2),
(42, 'X7Y8Z9A0B1', 0, 2),
(43, 'C8D9E0F1G2', 0, 2),
(44, 'H9I0J1K2L3', 0, 2),
(45, 'M0N1O2P3Q4', 0, 2),
(46, 'R1S2T3U4V5', 0, 2),
(47, 'W2X3Y4Z5A6', 0, 2),
(48, 'B3C4D5E6F7', 0, 2),
(49, 'G4H5I6J7K8', 0, 2),
(50, 'L5M6N7O8P9', 0, 2),
(76, 'B7C8D9E0F1', 0, 10),
(77, 'G2H3I4J5K6', 0, 10),
(78, 'L7M8N9O0P1', 0, 10),
(79, 'Q2R3S4T5U6', 0, 10),
(80, 'V7W8X9Y0Z1', 0, 10),
(81, 'A2B3C4D5E6', 0, 10),
(82, 'F7G8H9I0J1', 0, 10),
(83, 'K2L3M4N5O66', 0, 10),
(84, 'K2L3M4N5x66', 0, 10),
(85, 'P7Q8y9SxT11', 0, 10),
(86, 'U2V3v4X5Y66', 0, 10),
(87, 'Z7A839C0D11', 0, 10),
(88, 'E2F3G24H5I6', 0, 10),
(89, 'J7K8L91M0N1', 0, 10),
(90, 'O2P3Q4R35S6', 0, 10),
(91, 'T7U8V9W05X1', 0, 10),
(92, 'Y2Z3A4B5C66', 0, 10),
(93, 'D7E8F9G0H61', 0, 10),
(94, 'I2J3K4L5M76', 0, 10),
(95, 'N7O8P9Q0R01', 0, 10),
(96, 'S2T3U4V5Wx6', 0, 10),
(97, 'X7Y8Z9xA0B11', 0, 10),
(98, 'C2D3E4iF5G66', 0, 10),
(99, 'H7I8J9tK0L11', 0, 10),
(100, 'M2N3Ou4P5Q66', 0, 10)
